Gene	null_prob	irrep_prob	rep_prob
     gene1   9.202e-01 1.320e-02 6.660e-02
     gene2   8.241e-01 2.467e-02 1.512e-01
     gene3   9.175e-01 1.342e-02 6.904e-02
     gene4   9.112e-01 1.571e-02 7.306e-02
     gene5   9.117e-01 1.407e-02 7.428e-02
     gene6   9.202e-01 1.311e-02 6.671e-02
     gene7   9.195e-01 1.350e-02 6.701e-02
     gene8   8.856e-01 1.889e-02 9.548e-02
     gene9   9.099e-01 1.472e-02 7.543e-02
    gene10   9.203e-01 1.313e-02 6.657e-02
    gene11   9.128e-01 1.510e-02 7.210e-02
    gene12   9.088e-01 1.562e-02 7.561e-02
    gene13   9.176e-01 1.348e-02 6.897e-02
    gene14   9.052e-01 1.570e-02 7.906e-02
    gene15   7.132e-01 3.795e-02 2.489e-01
    gene16   9.203e-01 1.316e-02 6.658e-02
    gene17   9.042e-01 1.486e-02 8.097e-02
    gene18   9.148e-01 1.411e-02 7.111e-02
    gene19   7.673e-01 4.575e-02 1.869e-01
    gene20   8.691e-01 2.191e-02 1.090e-01
    gene21   8.915e-01 1.684e-02 9.164e-02
    gene22   6.419e-01 5.512e-02 3.030e-01
    gene23   9.176e-01 1.449e-02 6.790e-02
    gene24   9.010e-01 2.365e-02 7.531e-02
    gene25   8.925e-01 2.346e-02 8.404e-02
    gene26   8.960e-01 1.576e-02 8.828e-02
    gene27   8.318e-01 2.572e-02 1.425e-01
    gene28   9.120e-01 1.416e-02 7.379e-02
    gene29   8.935e-01 2.546e-02 8.104e-02
    gene30   9.075e-01 2.039e-02 7.215e-02
    gene31   8.741e-01 2.290e-02 1.030e-01
    gene32   8.942e-01 1.823e-02 8.753e-02
    gene33   8.328e-01 2.343e-02 1.437e-01
    gene34   9.189e-01 1.374e-02 6.731e-02
    gene35   8.843e-01 2.016e-02 9.552e-02
    gene36   9.067e-01 1.566e-02 7.763e-02
    gene37   8.625e-01 2.590e-02 1.116e-01
    gene38   8.615e-01 3.374e-02 1.047e-01
    gene39   9.186e-01 1.341e-02 6.797e-02
    gene40   9.100e-01 1.572e-02 7.426e-02
    gene41   6.838e-01 4.154e-02 2.746e-01
    gene42   9.153e-01 1.440e-02 7.030e-02
    gene43   4.375e-01 6.659e-02 4.959e-01
    gene44   7.854e-01 3.126e-02 1.833e-01
    gene45   9.130e-01 1.610e-02 7.091e-02
    gene46   8.192e-01 2.782e-02 1.530e-01
    gene47   9.135e-01 1.449e-02 7.198e-02
    gene48   9.092e-01 1.482e-02 7.598e-02
    gene49   8.940e-01 2.006e-02 8.593e-02
    gene50   9.016e-01 1.586e-02 8.254e-02
    gene51   9.031e-01 1.579e-02 8.109e-02
    gene52   8.947e-01 1.822e-02 8.704e-02
    gene53   9.196e-01 1.352e-02 6.691e-02
    gene54   8.966e-01 2.431e-02 7.905e-02
    gene55   8.853e-01 2.129e-02 9.345e-02
    gene56   9.185e-01 1.330e-02 6.816e-02
    gene57   8.266e-01 2.480e-02 1.486e-01
    gene58   9.142e-01 1.605e-02 6.975e-02
    gene59   8.925e-01 1.970e-02 8.777e-02
    gene60   9.178e-01 1.382e-02 6.843e-02
    gene61   8.989e-01 1.594e-02 8.511e-02
    gene62   9.161e-01 1.508e-02 6.880e-02
    gene63   8.057e-01 3.077e-02 1.635e-01
    gene64   8.820e-01 1.846e-02 9.957e-02
    gene65   8.763e-01 1.957e-02 1.041e-01
    gene66   7.676e-01 3.114e-02 2.013e-01
    gene67   8.103e-01 2.649e-02 1.632e-01
    gene68   9.186e-01 1.355e-02 6.780e-02
    gene69   9.175e-01 1.459e-02 6.794e-02
    gene70   8.437e-01 2.399e-02 1.323e-01
    gene71   9.190e-01 1.372e-02 6.727e-02
    gene72   7.727e-01 4.062e-02 1.866e-01
    gene73   8.985e-01 2.621e-02 7.528e-02
    gene74   9.174e-01 1.421e-02 6.843e-02
    gene75   7.169e-01 3.508e-02 2.480e-01
    gene76   9.146e-01 1.614e-02 6.927e-02
    gene77   9.123e-01 1.420e-02 7.351e-02
    gene78   8.865e-01 1.977e-02 9.373e-02
    gene79   9.125e-01 1.401e-02 7.348e-02
    gene80   9.072e-01 1.454e-02 7.824e-02
    gene81   9.044e-01 1.507e-02 8.048e-02
    gene82   7.794e-01 6.390e-02 1.567e-01
    gene83   9.118e-01 1.523e-02 7.296e-02
    gene84   9.139e-01 1.430e-02 7.176e-02
    gene85   8.862e-01 1.691e-02 9.691e-02
    gene86   9.098e-01 1.428e-02 7.589e-02
    gene87   8.749e-01 1.931e-02 1.058e-01
    gene88   9.141e-01 1.555e-02 7.033e-02
    gene89   8.974e-01 1.710e-02 8.549e-02
    gene90   8.984e-01 2.465e-02 7.697e-02
    gene91   8.897e-01 1.722e-02 9.305e-02
    gene92   9.190e-01 1.335e-02 6.767e-02
    gene93   8.408e-01 3.006e-02 1.291e-01
    gene94   6.602e-01 4.137e-02 2.984e-01
    gene95   9.114e-01 1.554e-02 7.309e-02
    gene96   9.180e-01 1.360e-02 6.838e-02
    gene97   9.182e-01 1.409e-02 6.772e-02
    gene98   8.886e-01 1.669e-02 9.466e-02
    gene99   8.853e-01 1.746e-02 9.728e-02
   gene100   9.011e-01 1.633e-02 8.257e-02
   gene101   8.884e-01 1.658e-02 9.501e-02
   gene102   8.573e-01 2.022e-02 1.225e-01
   gene103   9.138e-01 1.465e-02 7.157e-02
   gene104   9.141e-01 1.640e-02 6.945e-02
   gene105   9.125e-01 1.669e-02 7.086e-02
   gene106   9.115e-01 1.417e-02 7.434e-02
   gene107   8.195e-01 2.472e-02 1.558e-01
   gene108   9.120e-01 1.652e-02 7.143e-02
   gene109   8.853e-01 3.075e-02 8.395e-02
   gene110   9.165e-01 1.421e-02 6.928e-02
   gene111   8.613e-01 2.328e-02 1.154e-01
   gene112   8.455e-01 2.189e-02 1.326e-01
   gene113   9.194e-01 1.327e-02 6.736e-02
   gene114   5.021e-01 1.293e-01 3.686e-01
   gene115   9.148e-01 1.570e-02 6.948e-02
   gene116   9.016e-01 1.518e-02 8.320e-02
   gene117   8.764e-01 2.992e-02 9.370e-02
   gene118   9.173e-01 1.343e-02 6.924e-02
   gene119   9.183e-01 1.408e-02 6.762e-02
   gene120   8.386e-01 2.245e-02 1.390e-01
   gene121   9.067e-01 1.588e-02 7.739e-02
   gene122   8.907e-01 1.730e-02 9.196e-02
   gene123   8.606e-01 2.233e-02 1.171e-01
   gene124   8.661e-01 1.904e-02 1.149e-01
   gene125   8.981e-01 1.657e-02 8.533e-02
   gene126   9.160e-01 1.392e-02 7.004e-02
   gene127   9.037e-01 1.681e-02 7.951e-02
   gene128   8.561e-01 2.283e-02 1.211e-01
   gene129   8.929e-01 1.762e-02 8.947e-02
   gene130   9.159e-01 1.361e-02 7.044e-02
   gene131   5.307e-01 6.581e-02 4.035e-01
   gene132   9.087e-01 1.446e-02 7.686e-02
   gene133   8.458e-01 2.283e-02 1.313e-01
   gene134   9.147e-01 1.433e-02 7.092e-02
   gene135   9.018e-01 2.067e-02 7.750e-02
   gene136   9.006e-01 1.921e-02 8.017e-02
   gene137   9.180e-01 1.351e-02 6.846e-02
   gene138   6.877e-01 4.521e-02 2.671e-01
   gene139   8.172e-01 2.994e-02 1.528e-01
   gene140   9.149e-01 1.386e-02 7.128e-02
   gene141   9.154e-01 1.458e-02 7.002e-02
   gene142   7.659e-01 3.470e-02 1.994e-01
   gene143   8.937e-01 1.709e-02 8.923e-02
   gene144   9.157e-01 1.434e-02 7.000e-02
   gene145   8.342e-01 2.549e-02 1.403e-01
   gene146   8.902e-01 1.721e-02 9.262e-02
   gene147   8.940e-01 2.405e-02 8.195e-02
   gene148   5.923e-01 8.763e-02 3.201e-01
   gene149   9.052e-01 1.559e-02 7.919e-02
   gene150   9.073e-01 1.453e-02 7.821e-02
   gene151   8.493e-01 2.354e-02 1.272e-01
   gene152   7.725e-01 3.302e-02 1.945e-01
   gene153   8.925e-01 1.948e-02 8.798e-02
   gene154   9.204e-01 1.309e-02 6.655e-02
   gene155   9.175e-01 1.342e-02 6.912e-02
   gene156   9.040e-01 2.028e-02 7.574e-02
   gene157   8.959e-01 2.260e-02 8.151e-02
   gene158   9.138e-01 1.384e-02 7.239e-02
   gene159   9.113e-01 1.477e-02 7.389e-02
   gene160   8.994e-01 1.772e-02 8.285e-02
   gene161   9.016e-01 1.543e-02 8.296e-02
   gene162   9.192e-01 1.352e-02 6.730e-02
   gene163   8.688e-01 1.874e-02 1.125e-01
   gene164   8.573e-01 3.680e-02 1.059e-01
   gene165   9.126e-01 1.717e-02 7.021e-02
   gene166   8.123e-01 2.539e-02 1.623e-01
   gene167   8.862e-01 1.738e-02 9.645e-02
   gene168   9.115e-01 1.662e-02 7.192e-02
   gene169   8.810e-01 1.744e-02 1.016e-01
   gene170   8.815e-01 1.890e-02 9.957e-02
   gene171   8.943e-01 1.594e-02 8.975e-02
   gene172   9.079e-01 1.500e-02 7.706e-02
   gene173   8.942e-01 2.224e-02 8.352e-02
   gene174   9.133e-01 1.615e-02 7.051e-02
   gene175   8.912e-01 1.764e-02 9.115e-02
   gene176   8.946e-01 1.969e-02 8.569e-02
   gene177   8.608e-01 2.997e-02 1.092e-01
   gene178   9.160e-01 1.510e-02 6.890e-02
   gene179   9.184e-01 1.403e-02 6.762e-02
   gene180   9.062e-01 1.506e-02 7.876e-02
   gene181   9.195e-01 1.334e-02 6.713e-02
   gene182   9.165e-01 1.515e-02 6.840e-02
   gene183   8.999e-01 2.442e-02 7.569e-02
   gene184   8.830e-01 1.812e-02 9.893e-02
   gene185   7.830e-01 5.978e-02 1.572e-01
   gene186   7.262e-01 5.324e-02 2.205e-01
   gene187   9.147e-01 1.489e-02 7.044e-02
   gene188   8.960e-01 1.656e-02 8.741e-02
   gene189   9.138e-01 1.481e-02 7.137e-02
   gene190   8.170e-01 4.148e-02 1.416e-01
   gene191   9.172e-01 1.386e-02 6.894e-02
   gene192   8.989e-01 1.839e-02 8.267e-02
   gene193   9.055e-01 1.757e-02 7.693e-02
   gene194   8.807e-01 3.675e-02 8.254e-02
   gene195   8.909e-01 2.379e-02 8.530e-02
   gene196   8.753e-01 2.136e-02 1.033e-01
   gene197   9.175e-01 1.390e-02 6.864e-02
   gene198   9.129e-01 1.433e-02 7.278e-02
   gene199   9.051e-01 1.503e-02 7.984e-02
   gene200   8.627e-01 2.727e-02 1.100e-01
   gene201   9.165e-01 1.368e-02 6.977e-02
   gene202   9.173e-01 1.464e-02 6.805e-02
   gene203   8.717e-01 1.910e-02 1.092e-01
   gene204   8.896e-01 1.880e-02 9.159e-02
   gene205   9.182e-01 1.421e-02 6.757e-02
   gene206   9.033e-01 2.306e-02 7.368e-02
   gene207   9.121e-01 1.702e-02 7.086e-02
   gene208   8.886e-01 1.668e-02 9.470e-02
   gene209   9.168e-01 1.419e-02 6.899e-02
   gene210   8.703e-01 3.926e-02 9.043e-02
   gene211   8.913e-01 1.696e-02 9.177e-02
   gene212   9.094e-01 1.434e-02 7.623e-02
   gene213   8.546e-01 2.021e-02 1.252e-01
   gene214   9.131e-01 1.668e-02 7.025e-02
   gene215   9.130e-01 1.488e-02 7.214e-02
   gene216   9.122e-01 1.444e-02 7.334e-02
   gene217   9.202e-01 1.314e-02 6.663e-02
   gene218   9.043e-01 1.880e-02 7.690e-02
   gene219   9.199e-01 1.335e-02 6.674e-02
   gene220   9.016e-01 1.625e-02 8.216e-02
   gene221   9.162e-01 1.371e-02 7.006e-02
   gene222   9.013e-01 2.364e-02 7.505e-02
   gene223   9.146e-01 1.572e-02 6.963e-02
   gene224   9.202e-01 1.312e-02 6.663e-02
   gene225   9.036e-01 1.764e-02 7.880e-02
   gene226   8.934e-01 1.763e-02 8.896e-02
   gene227   9.135e-01 1.676e-02 6.969e-02
   gene228   8.032e-01 2.697e-02 1.698e-01
   gene229   9.124e-01 1.740e-02 7.016e-02
   gene230   9.111e-01 1.417e-02 7.470e-02
   gene231   9.034e-01 1.869e-02 7.787e-02
   gene232   9.131e-01 1.465e-02 7.230e-02
   gene233   8.113e-01 5.306e-02 1.356e-01
   gene234   9.062e-01 1.581e-02 7.796e-02
   gene235   9.016e-01 1.542e-02 8.300e-02
   gene236   8.713e-01 2.631e-02 1.023e-01
   gene237   8.752e-01 1.848e-02 1.063e-01
   gene238   8.485e-01 2.271e-02 1.288e-01
   gene239   8.931e-01 1.640e-02 9.046e-02
   gene240   9.201e-01 1.324e-02 6.664e-02
   gene241   9.150e-01 1.559e-02 6.945e-02
   gene242   8.974e-01 1.696e-02 8.562e-02
   gene243   9.186e-01 1.402e-02 6.741e-02
   gene244   8.894e-01 2.091e-02 8.968e-02
   gene245   8.571e-01 2.469e-02 1.183e-01
   gene246   9.156e-01 1.538e-02 6.897e-02
   gene247   8.617e-01 3.051e-02 1.078e-01
   gene248   8.317e-01 2.744e-02 1.409e-01
   gene249   8.448e-01 4.523e-02 1.100e-01
   gene250   8.704e-01 2.263e-02 1.070e-01
   gene251   9.150e-01 1.381e-02 7.120e-02
   gene252   9.055e-01 1.833e-02 7.615e-02
   gene253   9.101e-01 1.425e-02 7.565e-02
   gene254   8.078e-01 6.969e-02 1.225e-01
   gene255   8.587e-01 4.958e-02 9.173e-02
   gene256   9.178e-01 1.363e-02 6.854e-02
   gene257   9.128e-01 1.420e-02 7.301e-02
   gene258   7.767e-01 3.058e-02 1.927e-01
   gene259   9.148e-01 1.583e-02 6.933e-02
   gene260   8.891e-01 2.494e-02 8.592e-02
   gene261   8.953e-01 1.589e-02 8.884e-02
   gene262   9.125e-01 1.553e-02 7.193e-02
   gene263   8.838e-01 1.910e-02 9.711e-02
   gene264   9.015e-01 1.630e-02 8.222e-02
   gene265   9.081e-01 1.928e-02 7.258e-02
   gene266   9.010e-01 1.523e-02 8.380e-02
   gene267   9.199e-01 1.314e-02 6.693e-02
   gene268   8.925e-01 2.103e-02 8.648e-02
   gene269   9.200e-01 1.324e-02 6.673e-02
   gene270   7.925e-01 3.713e-02 1.704e-01
   gene271   6.832e-01 3.954e-02 2.773e-01
   gene272   9.204e-01 1.312e-02 6.652e-02
   gene273   8.863e-01 2.100e-02 9.272e-02
   gene274   9.186e-01 1.378e-02 6.758e-02
   gene275   8.889e-01 1.693e-02 9.412e-02
   gene276   8.969e-01 1.579e-02 8.735e-02
   gene277   7.896e-01 3.402e-02 1.763e-01
   gene278   9.202e-01 1.314e-02 6.665e-02
   gene279   9.108e-01 1.416e-02 7.508e-02
   gene280   7.358e-01 1.664e-01 9.779e-02
   gene281   7.837e-01 4.251e-02 1.738e-01
   gene282   9.176e-01 1.451e-02 6.791e-02
   gene283   9.093e-01 1.861e-02 7.212e-02
   gene284   9.158e-01 1.548e-02 6.874e-02
   gene285   9.096e-01 1.721e-02 7.316e-02
   gene286   9.044e-01 1.521e-02 8.036e-02
   gene287   8.671e-01 2.524e-02 1.077e-01
   gene288   8.708e-01 3.165e-02 9.758e-02
   gene289   7.945e-01 4.465e-02 1.609e-01
   gene290   6.315e-01 5.923e-02 3.093e-01
   gene291   8.910e-01 1.732e-02 9.168e-02
   gene292   9.174e-01 1.342e-02 6.920e-02
   gene293   9.147e-01 1.459e-02 7.071e-02
   gene294   9.149e-01 1.585e-02 6.924e-02
   gene295   9.143e-01 1.616e-02 6.956e-02
   gene296   6.591e-01 5.109e-02 2.898e-01
   gene297   9.050e-01 1.562e-02 7.937e-02
   gene298   5.940e-01 5.830e-02 3.477e-01
   gene299   9.153e-01 1.426e-02 7.044e-02
   gene300   8.061e-01 2.580e-02 1.681e-01
   gene301   9.120e-01 1.768e-02 7.036e-02
   gene302   5.070e-01 5.986e-02 4.331e-01
   gene303   9.173e-01 1.441e-02 6.830e-02
   gene304   9.001e-01 1.534e-02 8.458e-02
   gene305   8.733e-01 1.955e-02 1.071e-01
   gene306   8.765e-01 1.786e-02 1.057e-01
   gene307   8.623e-01 2.058e-02 1.171e-01
   gene308   9.186e-01 1.364e-02 6.780e-02
   gene309   8.967e-01 1.579e-02 8.753e-02
   gene310   8.384e-01 2.752e-02 1.341e-01
   gene311   9.110e-01 1.416e-02 7.488e-02
   gene312   9.003e-01 1.539e-02 8.434e-02
   gene313   7.558e-01 3.156e-02 2.126e-01
   gene314   8.165e-01 3.049e-02 1.530e-01
   gene315   8.958e-01 1.632e-02 8.784e-02
   gene316   8.290e-01 3.769e-02 1.333e-01
   gene317   8.517e-01 2.863e-02 1.196e-01
   gene318   7.581e-01 3.342e-02 2.085e-01
   gene319   8.923e-01 1.620e-02 9.147e-02
   gene320   9.087e-01 1.917e-02 7.210e-02
   gene321   8.707e-01 1.990e-02 1.094e-01
   gene322   7.961e-01 2.817e-02 1.758e-01
   gene323   9.173e-01 1.399e-02 6.875e-02
   gene324   9.204e-01 1.309e-02 6.652e-02
   gene325   9.169e-01 1.492e-02 6.820e-02
   gene326   7.831e-01 3.758e-02 1.793e-01
   gene327   8.376e-01 2.203e-02 1.404e-01
   gene328   9.190e-01 1.324e-02 6.778e-02
   gene329   9.187e-01 1.395e-02 6.737e-02
   gene330   8.025e-01 4.809e-02 1.494e-01
   gene331   8.625e-01 2.319e-02 1.144e-01
   gene332   9.064e-01 1.904e-02 7.460e-02
   gene333   8.768e-01 1.952e-02 1.037e-01
   gene334   8.464e-01 2.199e-02 1.316e-01
   gene335   9.065e-01 1.592e-02 7.761e-02
   gene336   9.168e-01 1.484e-02 6.837e-02
   gene337   6.549e-01 4.200e-02 3.031e-01
   gene338   8.966e-01 1.715e-02 8.623e-02
   gene339   8.535e-01 2.620e-02 1.203e-01
   gene340   9.181e-01 1.370e-02 6.820e-02
   gene341   8.775e-01 1.829e-02 1.043e-01
   gene342   8.842e-01 1.882e-02 9.699e-02
   gene343   9.094e-01 1.919e-02 7.146e-02
   gene344   9.134e-01 1.438e-02 7.219e-02
   gene345   8.869e-01 1.706e-02 9.604e-02
   gene346   9.203e-01 1.310e-02 6.657e-02
   gene347   8.974e-01 1.603e-02 8.652e-02
   gene348   7.756e-01 2.887e-02 1.955e-01
   gene349   9.194e-01 1.322e-02 6.736e-02
   gene350   9.112e-01 1.540e-02 7.338e-02
   gene351   9.112e-01 1.476e-02 7.402e-02
   gene352   9.054e-01 1.747e-02 7.708e-02
   gene353   5.194e-01 6.121e-02 4.194e-01
   gene354   8.947e-01 1.589e-02 8.943e-02
   gene355   9.030e-01 1.831e-02 7.864e-02
   gene356   8.571e-01 2.400e-02 1.189e-01
   gene357   8.980e-01 1.832e-02 8.366e-02
   gene358   9.147e-01 1.380e-02 7.150e-02
   gene359   9.131e-01 1.504e-02 7.183e-02
   gene360   7.875e-01 3.038e-02 1.821e-01
   gene361   9.149e-01 1.597e-02 6.912e-02
   gene362   8.976e-01 1.599e-02 8.641e-02
   gene363   7.913e-01 3.305e-02 1.756e-01
   gene364   7.490e-01 6.318e-02 1.879e-01
   gene365   8.986e-01 1.692e-02 8.447e-02
   gene366   9.052e-01 1.524e-02 7.959e-02
   gene367   9.133e-01 1.454e-02 7.212e-02
   gene368   8.202e-01 2.895e-02 1.509e-01
   gene369   9.176e-01 1.428e-02 6.811e-02
   gene370   9.180e-01 1.337e-02 6.858e-02
   gene371   8.339e-01 2.458e-02 1.415e-01
   gene372   9.072e-01 1.974e-02 7.303e-02
   gene373   9.173e-01 1.444e-02 6.829e-02
   gene374   8.264e-01 2.327e-02 1.503e-01
   gene375   8.115e-01 3.068e-02 1.578e-01
   gene376   9.184e-01 1.409e-02 6.750e-02
   gene377   9.121e-01 1.402e-02 7.390e-02
   gene378   8.958e-01 2.558e-02 7.864e-02
   gene379   8.756e-01 3.322e-02 9.122e-02
   gene380   9.090e-01 1.536e-02 7.564e-02
   gene381   8.954e-01 1.643e-02 8.820e-02
   gene382   7.063e-01 3.635e-02 2.574e-01
   gene383   8.978e-01 1.951e-02 8.268e-02
   gene384   9.154e-01 1.385e-02 7.071e-02
   gene385   9.120e-01 1.421e-02 7.382e-02
   gene386   6.819e-01 4.017e-02 2.779e-01
   gene387   8.907e-01 2.969e-02 7.964e-02
   gene388   9.056e-01 1.648e-02 7.795e-02
   gene389   8.472e-01 2.100e-02 1.318e-01
   gene390   8.935e-01 1.804e-02 8.847e-02
   gene391   7.237e-01 3.474e-02 2.415e-01
   gene392   9.152e-01 1.431e-02 7.051e-02
   gene393   9.081e-01 1.807e-02 7.385e-02
   gene394   9.092e-01 1.460e-02 7.620e-02
   gene395   8.250e-01 2.657e-02 1.484e-01
   gene396   6.887e-01 4.394e-02 2.673e-01
   gene397   9.129e-01 1.538e-02 7.172e-02
   gene398   9.191e-01 1.325e-02 6.764e-02
   gene399   9.196e-01 1.318e-02 6.726e-02
   gene400   9.103e-01 1.849e-02 7.125e-02
   gene401   9.106e-01 1.457e-02 7.478e-02
   gene402   9.112e-01 1.582e-02 7.301e-02
   gene403   9.176e-01 1.408e-02 6.827e-02
   gene404   9.139e-01 1.409e-02 7.197e-02
   gene405   8.846e-01 1.709e-02 9.828e-02
   gene406   9.176e-01 1.453e-02 6.785e-02
   gene407   9.147e-01 1.602e-02 6.933e-02
   gene408   9.203e-01 1.310e-02 6.662e-02
   gene409   8.958e-01 2.738e-02 7.680e-02
   gene410   7.950e-01 4.795e-02 1.570e-01
   gene411   9.057e-01 1.800e-02 7.634e-02
   gene412   8.764e-01 4.043e-02 8.315e-02
   gene413   8.467e-01 2.109e-02 1.322e-01
   gene414   9.106e-01 1.445e-02 7.491e-02
   gene415   9.097e-01 1.599e-02 7.432e-02
   gene416   9.166e-01 1.472e-02 6.864e-02
   gene417   7.222e-01 3.692e-02 2.409e-01
   gene418   9.137e-01 1.511e-02 7.119e-02
   gene419   8.731e-01 1.856e-02 1.083e-01
   gene420   9.164e-01 1.353e-02 7.008e-02
   gene421   9.153e-01 1.577e-02 6.891e-02
   gene422   9.185e-01 1.393e-02 6.753e-02
   gene423   9.179e-01 1.435e-02 6.776e-02
   gene424   9.113e-01 1.538e-02 7.336e-02
   gene425   9.049e-01 1.479e-02 8.031e-02
   gene426   7.039e-01 1.868e-01 1.093e-01
   gene427   9.171e-01 1.455e-02 6.835e-02
   gene428   9.169e-01 1.444e-02 6.871e-02
   gene429   9.185e-01 1.330e-02 6.824e-02
   gene430   9.159e-01 1.544e-02 6.864e-02
   gene431   8.845e-01 1.726e-02 9.826e-02
   gene432   8.832e-01 3.235e-02 8.441e-02
   gene433   9.039e-01 1.582e-02 8.026e-02
   gene434   7.644e-01 3.769e-02 1.979e-01
   gene435   9.164e-01 1.360e-02 7.005e-02
   gene436   6.931e-01 4.270e-02 2.642e-01
   gene437   9.134e-01 1.610e-02 7.047e-02
   gene438   8.906e-01 1.633e-02 9.303e-02
   gene439   9.079e-01 1.574e-02 7.635e-02
   gene440   8.522e-01 3.578e-02 1.120e-01
   gene441   9.179e-01 1.414e-02 6.793e-02
   gene442   8.847e-01 1.749e-02 9.778e-02
   gene443   8.299e-01 2.319e-02 1.469e-01
   gene444   8.450e-01 4.526e-02 1.097e-01
   gene445   9.094e-01 1.705e-02 7.352e-02
   gene446   8.783e-01 2.447e-02 9.726e-02
   gene447   9.188e-01 1.348e-02 6.768e-02
   gene448   9.030e-01 2.172e-02 7.529e-02
   gene449   9.022e-01 1.559e-02 8.218e-02
   gene450   9.145e-01 1.432e-02 7.121e-02
   gene451   8.208e-01 4.089e-02 1.383e-01
   gene452   6.861e-01 3.962e-02 2.742e-01
   gene453   8.974e-01 1.854e-02 8.402e-02
   gene454   9.113e-01 1.728e-02 7.139e-02
   gene455   9.180e-01 1.364e-02 6.838e-02
   gene456   7.755e-01 2.876e-02 1.958e-01
   gene457   6.249e-01 4.511e-02 3.300e-01
   gene458   8.227e-01 3.455e-02 1.428e-01
   gene459   8.419e-01 2.523e-02 1.328e-01
   gene460   9.186e-01 1.330e-02 6.809e-02
   gene461   9.120e-01 1.593e-02 7.205e-02
   gene462   8.910e-01 2.304e-02 8.600e-02
   gene463   8.994e-01 1.613e-02 8.448e-02
   gene464   5.773e-01 7.126e-02 3.514e-01
   gene465   8.945e-01 1.594e-02 8.953e-02
   gene466   8.741e-01 1.917e-02 1.068e-01
   gene467   9.103e-01 1.434e-02 7.532e-02
   gene468   7.527e-01 3.529e-02 2.120e-01
   gene469   9.180e-01 1.404e-02 6.800e-02
   gene470   9.119e-01 1.667e-02 7.148e-02
   gene471   9.198e-01 1.323e-02 6.693e-02
   gene472   4.326e-01 7.336e-02 4.941e-01
   gene473   8.700e-01 2.486e-02 1.052e-01
   gene474   8.670e-01 1.900e-02 1.140e-01
   gene475   9.162e-01 1.363e-02 7.012e-02
   gene476   9.128e-01 1.541e-02 7.177e-02
   gene477   9.128e-01 1.393e-02 7.330e-02
   gene478   9.043e-01 1.691e-02 7.874e-02
   gene479   8.348e-01 4.091e-02 1.243e-01
   gene480   9.150e-01 1.549e-02 6.949e-02
   gene481   8.814e-01 1.817e-02 1.005e-01
   gene482   9.091e-01 1.857e-02 7.234e-02
   gene483   9.170e-01 1.487e-02 6.815e-02
   gene484   8.800e-01 3.946e-02 8.052e-02
   gene485   9.204e-01 1.308e-02 6.650e-02
   gene486   8.873e-01 1.748e-02 9.518e-02
   gene487   8.228e-01 3.453e-02 1.426e-01
   gene488   8.296e-01 2.293e-02 1.475e-01
   gene489   8.559e-01 2.034e-02 1.238e-01
   gene490   8.931e-01 1.677e-02 9.013e-02
   gene491   9.165e-01 1.438e-02 6.913e-02
   gene492   9.125e-01 1.715e-02 7.031e-02
   gene493   9.004e-01 1.661e-02 8.302e-02
   gene494   8.595e-01 5.433e-02 8.621e-02
   gene495   7.890e-01 3.627e-02 1.747e-01
   gene496   9.084e-01 1.967e-02 7.192e-02
   gene497   9.019e-01 2.317e-02 7.493e-02
   gene498   9.153e-01 1.364e-02 7.101e-02
   gene499   8.945e-01 2.510e-02 8.041e-02
   gene500   8.864e-01 2.767e-02 8.595e-02
   gene501   9.109e-01 1.736e-02 7.170e-02
   gene502   8.833e-01 1.811e-02 9.858e-02
   gene503   8.997e-01 1.557e-02 8.469e-02
   gene504   9.043e-01 1.647e-02 7.925e-02
   gene505   8.289e-01 4.915e-02 1.220e-01
   gene506   9.165e-01 1.352e-02 7.001e-02
   gene507   8.591e-01 2.192e-02 1.190e-01
   gene508   9.095e-01 1.889e-02 7.158e-02
   gene509   9.165e-01 1.386e-02 6.961e-02
   gene510   9.012e-01 1.773e-02 8.102e-02
   gene511   9.064e-01 1.876e-02 7.483e-02
   gene512   8.482e-01 2.908e-02 1.227e-01
   gene513   8.630e-01 2.034e-02 1.167e-01
   gene514   8.203e-01 3.066e-02 1.490e-01
   gene515   9.010e-01 1.569e-02 8.329e-02
   gene516   7.251e-01 4.477e-02 2.301e-01
   gene517   9.097e-01 1.427e-02 7.600e-02
   gene518   9.133e-01 1.690e-02 6.985e-02
   gene519   6.824e-01 3.883e-02 2.788e-01
   gene520   8.849e-01 1.822e-02 9.688e-02
   gene521   8.632e-01 5.152e-02 8.532e-02
   gene522   8.861e-01 2.326e-02 9.068e-02
   gene523   9.188e-01 1.327e-02 6.794e-02
   gene524   8.905e-01 1.813e-02 9.138e-02
   gene525   8.341e-01 2.329e-02 1.426e-01
   gene526   8.487e-01 2.128e-02 1.300e-01
   gene527   8.731e-01 1.914e-02 1.077e-01
   gene528   8.876e-01 3.295e-02 7.944e-02
   gene529   8.957e-01 1.580e-02 8.852e-02
   gene530   9.090e-01 1.794e-02 7.303e-02
   gene531   9.195e-01 1.334e-02 6.712e-02
   gene532   9.140e-01 1.480e-02 7.116e-02
   gene533   9.192e-01 1.323e-02 6.757e-02
   gene534   7.299e-01 3.358e-02 2.365e-01
   gene535   9.122e-01 1.405e-02 7.372e-02
   gene536   9.047e-01 1.899e-02 7.631e-02
   gene537   8.653e-01 2.594e-02 1.088e-01
   gene538   9.199e-01 1.318e-02 6.696e-02
   gene539   9.081e-01 1.444e-02 7.745e-02
   gene540   1.327e-01 2.759e-01 5.914e-01
   gene541   9.003e-01 1.603e-02 8.364e-02
   gene542   8.709e-01 1.881e-02 1.103e-01
   gene543   9.203e-01 1.310e-02 6.660e-02
   gene544   9.009e-01 2.218e-02 7.688e-02
   gene545   9.048e-01 1.482e-02 8.039e-02
   gene546   9.198e-01 1.321e-02 6.703e-02
   gene547   9.195e-01 1.331e-02 6.723e-02
   gene548   8.876e-01 2.005e-02 9.240e-02
   gene549   9.175e-01 1.395e-02 6.852e-02
   gene550   8.937e-01 1.653e-02 8.978e-02
   gene551   6.099e-01 4.676e-02 3.433e-01
   gene552   9.200e-01 1.331e-02 6.671e-02
   gene553   8.857e-01 2.528e-02 8.904e-02
   gene554   6.914e-01 3.885e-02 2.697e-01
   gene555   8.329e-01 3.695e-02 1.301e-01
   gene556   8.491e-01 3.186e-02 1.191e-01
   gene557   9.126e-01 1.724e-02 7.021e-02
   gene558   9.188e-01 1.330e-02 6.788e-02
   gene559   9.091e-01 1.927e-02 7.159e-02
   gene560   8.904e-01 1.637e-02 9.324e-02
   gene561   9.153e-01 1.379e-02 7.094e-02
   gene562   8.369e-01 2.373e-02 1.394e-01
   gene563   9.125e-01 1.442e-02 7.310e-02
   gene564   8.073e-01 2.629e-02 1.665e-01
   gene565   6.544e-01 8.899e-02 2.566e-01
   gene566   8.817e-01 3.720e-02 8.110e-02
   gene567   9.200e-01 1.320e-02 6.683e-02
   gene568   8.212e-01 3.449e-02 1.443e-01
   gene569   9.068e-01 1.472e-02 7.847e-02
   gene570   9.015e-01 1.531e-02 8.319e-02
   gene571   9.194e-01 1.338e-02 6.723e-02
   gene572   8.991e-01 2.186e-02 7.904e-02
   gene573   9.055e-01 1.589e-02 7.857e-02
   gene574   8.896e-01 1.872e-02 9.169e-02
   gene575   8.481e-01 2.962e-02 1.223e-01
   gene576   9.076e-01 1.455e-02 7.781e-02
   gene577   9.045e-01 1.944e-02 7.604e-02
   gene578   9.046e-01 2.216e-02 7.322e-02
   gene579   9.067e-01 1.503e-02 7.829e-02
   gene580   9.140e-01 1.634e-02 6.963e-02
   gene581   8.806e-01 2.006e-02 9.932e-02
   gene582   8.805e-01 2.101e-02 9.850e-02
   gene583   8.983e-01 1.550e-02 8.623e-02
   gene584   8.895e-01 1.662e-02 9.393e-02
   gene585   8.204e-01 8.457e-02 9.508e-02
   gene586   9.170e-01 1.446e-02 6.854e-02
   gene587   9.169e-01 1.376e-02 6.934e-02
   gene588   9.180e-01 1.414e-02 6.789e-02
   gene589   8.992e-01 1.563e-02 8.516e-02
   gene590   8.334e-01 2.460e-02 1.420e-01
   gene591   9.168e-01 1.475e-02 6.845e-02
   gene592   8.372e-01 3.874e-02 1.241e-01
   gene593   9.176e-01 1.406e-02 6.837e-02
   gene594   8.783e-01 2.088e-02 1.008e-01
   gene595   8.270e-01 2.552e-02 1.475e-01
   gene596   8.859e-01 2.111e-02 9.300e-02
   gene597   9.192e-01 1.333e-02 6.745e-02
   gene598   9.105e-01 1.444e-02 7.510e-02
   gene599   4.317e-01 4.287e-01 1.396e-01
   gene600   8.861e-01 1.699e-02 9.692e-02
   gene601   8.435e-01 2.200e-02 1.345e-01
   gene602   8.770e-01 1.934e-02 1.037e-01
   gene603   9.195e-01 1.347e-02 6.701e-02
   gene604   8.172e-01 2.555e-02 1.573e-01
   gene605   8.280e-01 2.311e-02 1.489e-01
   gene606   9.158e-01 1.405e-02 7.012e-02
   gene607   9.123e-01 1.433e-02 7.336e-02
   gene608   9.154e-01 1.453e-02 7.003e-02
   gene609   9.070e-01 1.568e-02 7.730e-02
   gene610   9.134e-01 1.493e-02 7.168e-02
   gene611   8.725e-01 1.922e-02 1.082e-01
   gene612   9.184e-01 1.385e-02 6.773e-02
   gene613   9.203e-01 1.310e-02 6.656e-02
   gene614   8.573e-01 2.028e-02 1.224e-01
   gene615   8.199e-01 2.440e-02 1.557e-01
   gene616   9.140e-01 1.626e-02 6.970e-02
   gene617   5.189e-01 8.148e-02 3.996e-01
   gene618   9.174e-01 1.399e-02 6.856e-02
   gene619   9.136e-01 1.385e-02 7.251e-02
   gene620   7.388e-01 3.482e-02 2.264e-01
   gene621   8.831e-01 1.717e-02 9.972e-02
   gene622   9.123e-01 1.462e-02 7.310e-02
   gene623   9.164e-01 1.422e-02 6.936e-02
   gene624   8.874e-01 2.327e-02 8.929e-02
   gene625   9.171e-01 1.480e-02 6.811e-02
   gene626   9.177e-01 1.339e-02 6.892e-02
   gene627   8.315e-01 3.522e-02 1.332e-01
   gene628   8.904e-01 1.724e-02 9.236e-02
   gene629   9.203e-01 1.312e-02 6.662e-02
   gene630   4.919e-01 7.588e-02 4.322e-01
   gene631   9.174e-01 1.429e-02 6.829e-02
   gene632   9.085e-01 1.461e-02 7.688e-02
   gene633   8.028e-01 3.326e-02 1.639e-01
   gene634   9.192e-01 1.336e-02 6.742e-02
   gene635   8.925e-01 3.038e-02 7.711e-02
   gene636   9.180e-01 1.421e-02 6.777e-02
   gene637   9.192e-01 1.367e-02 6.715e-02
   gene638   8.642e-01 2.295e-02 1.128e-01
   gene639   9.203e-01 1.311e-02 6.663e-02
   gene640   8.908e-01 1.835e-02 9.089e-02
   gene641   9.200e-01 1.315e-02 6.684e-02
   gene642   9.183e-01 1.418e-02 6.754e-02
   gene643   8.972e-01 1.671e-02 8.610e-02
   gene644   9.189e-01 1.368e-02 6.744e-02
   gene645   8.961e-01 2.461e-02 7.928e-02
   gene646   9.204e-01 1.312e-02 6.652e-02
   gene647   9.183e-01 1.391e-02 6.784e-02
   gene648   8.378e-01 2.205e-02 1.402e-01
   gene649   9.151e-01 1.419e-02 7.072e-02
   gene650   4.991e-01 6.372e-02 4.371e-01
   gene651   9.201e-01 1.325e-02 6.668e-02
   gene652   9.201e-01 1.314e-02 6.681e-02
   gene653   8.000e-01 2.729e-02 1.728e-01
   gene654   9.099e-01 1.860e-02 7.147e-02
   gene655   9.082e-01 1.573e-02 7.603e-02
   gene656   8.737e-01 1.917e-02 1.071e-01
   gene657   9.123e-01 1.499e-02 7.267e-02
   gene658   9.183e-01 1.355e-02 6.815e-02
   gene659   8.114e-01 5.277e-02 1.359e-01
   gene660   8.804e-01 2.589e-02 9.367e-02
   gene661   9.164e-01 1.353e-02 7.003e-02
   gene662   8.924e-01 2.049e-02 8.712e-02
   gene663   8.601e-01 2.162e-02 1.183e-01
   gene664   8.698e-01 1.882e-02 1.114e-01
   gene665   9.072e-01 1.573e-02 7.711e-02
   gene666   9.197e-01 1.346e-02 6.685e-02
   gene667   8.926e-01 2.862e-02 7.875e-02
   gene668   9.014e-01 2.136e-02 7.723e-02
   gene669   8.413e-01 2.739e-02 1.313e-01
   gene670   8.786e-01 1.982e-02 1.016e-01
   gene671   9.113e-01 1.786e-02 7.080e-02
   gene672   9.151e-01 1.382e-02 7.111e-02
   gene673   9.187e-01 1.331e-02 6.795e-02
   gene674   9.150e-01 1.503e-02 6.994e-02
   gene675   7.724e-01 3.125e-02 1.964e-01
   gene676   9.116e-01 1.786e-02 7.049e-02
   gene677   9.016e-01 1.547e-02 8.290e-02
   gene678   8.972e-01 1.953e-02 8.326e-02
   gene679   8.687e-01 1.933e-02 1.120e-01
   gene680   8.859e-01 2.077e-02 9.337e-02
   gene681   8.993e-01 1.539e-02 8.528e-02
   gene682   9.165e-01 1.353e-02 6.998e-02
   gene683   9.136e-01 1.606e-02 7.033e-02
   gene684   8.910e-01 2.288e-02 8.613e-02
   gene685   7.470e-01 3.238e-02 2.206e-01
   gene686   9.000e-01 1.643e-02 8.357e-02
   gene687   8.990e-01 1.701e-02 8.399e-02
   gene688   8.681e-01 1.902e-02 1.129e-01
   gene689   8.447e-01 2.181e-02 1.335e-01
   gene690   7.240e-01 3.827e-02 2.377e-01
   gene691   7.303e-01 3.896e-02 2.307e-01
   gene692   9.191e-01 1.326e-02 6.762e-02
   gene693   8.405e-01 2.696e-02 1.325e-01
   gene694   8.402e-01 7.129e-02 8.853e-02
   gene695   8.908e-01 2.527e-02 8.394e-02
   gene696   9.118e-01 1.778e-02 7.046e-02
   gene697   8.803e-01 1.784e-02 1.019e-01
   gene698   7.409e-01 3.360e-02 2.255e-01
   gene699   9.145e-01 1.565e-02 6.988e-02
   gene700   9.128e-01 1.522e-02 7.193e-02
   gene701   9.048e-01 1.492e-02 8.025e-02
   gene702   9.082e-01 1.449e-02 7.729e-02
   gene703   9.124e-01 1.498e-02 7.259e-02
   gene704   9.114e-01 1.748e-02 7.111e-02
   gene705   8.654e-01 4.028e-02 9.427e-02
   gene706   9.158e-01 1.446e-02 6.973e-02
   gene707   8.744e-01 2.841e-02 9.714e-02
   gene708   8.520e-01 2.181e-02 1.262e-01
   gene709   8.670e-01 4.755e-02 8.547e-02
   gene710   9.170e-01 1.427e-02 6.873e-02
   gene711   9.130e-01 1.424e-02 7.273e-02
   gene712   8.526e-01 2.047e-02 1.269e-01
   gene713   9.037e-01 1.496e-02 8.139e-02
   gene714   8.960e-01 1.662e-02 8.736e-02
   gene715   8.892e-01 1.718e-02 9.364e-02
   gene716   2.259e-01 9.370e-02 6.804e-01
   gene717   8.650e-01 2.744e-02 1.075e-01
   gene718   9.170e-01 1.384e-02 6.920e-02
   gene719   9.180e-01 1.343e-02 6.858e-02
   gene720   8.527e-01 3.724e-02 1.101e-01
   gene721   8.857e-01 1.780e-02 9.649e-02
   gene722   8.978e-01 1.566e-02 8.659e-02
   gene723   9.197e-01 1.335e-02 6.693e-02
   gene724   8.896e-01 1.815e-02 9.221e-02
   gene725   9.063e-01 2.033e-02 7.337e-02
   gene726   9.181e-01 1.340e-02 6.848e-02
   gene727   8.721e-01 1.905e-02 1.089e-01
   gene728   8.393e-01 2.523e-02 1.355e-01
   gene729   9.159e-01 1.502e-02 6.904e-02
   gene730   9.155e-01 1.471e-02 6.981e-02
   gene731   9.107e-01 1.558e-02 7.370e-02
   gene732   9.202e-01 1.311e-02 6.665e-02
   gene733   8.457e-01 3.626e-02 1.180e-01
   gene734   8.421e-01 2.156e-02 1.364e-01
   gene735   7.859e-01 4.436e-02 1.697e-01
   gene736   8.931e-01 1.969e-02 8.717e-02
   gene737   7.953e-01 3.002e-02 1.747e-01
   gene738   8.972e-01 1.609e-02 8.668e-02
   gene739   9.044e-01 1.642e-02 7.917e-02
   gene740   8.774e-01 1.790e-02 1.047e-01
   gene741   9.204e-01 1.310e-02 6.655e-02
   gene742   7.993e-01 2.688e-02 1.738e-01
   gene743   8.664e-01 1.899e-02 1.146e-01
   gene744   8.960e-01 2.557e-02 7.845e-02
   gene745   8.605e-01 5.009e-02 8.946e-02
   gene746   9.083e-01 1.460e-02 7.705e-02
   gene747   9.171e-01 1.475e-02 6.815e-02
   gene748   9.186e-01 1.402e-02 6.739e-02
   gene749   8.899e-01 1.739e-02 9.275e-02
   gene750   9.153e-01 1.365e-02 7.101e-02
   gene751   8.479e-01 2.680e-02 1.253e-01
   gene752   9.194e-01 1.344e-02 6.717e-02
   gene753   9.198e-01 1.338e-02 6.678e-02
   gene754   8.889e-01 1.946e-02 9.167e-02
   gene755   9.196e-01 1.348e-02 6.689e-02
   gene756   9.024e-01 1.536e-02 8.224e-02
   gene757   8.757e-01 2.932e-02 9.495e-02
   gene758   9.166e-01 1.399e-02 6.942e-02
   gene759   8.864e-01 2.860e-02 8.500e-02
   gene760   9.165e-01 1.389e-02 6.956e-02
   gene761   9.191e-01 1.330e-02 6.761e-02
   gene762   7.358e-01 5.657e-02 2.076e-01
   gene763   9.039e-01 1.500e-02 8.114e-02
   gene764   8.575e-01 2.007e-02 1.225e-01
   gene765   9.030e-01 2.237e-02 7.461e-02
   gene766   8.851e-01 2.222e-02 9.266e-02
   gene767   9.171e-01 1.479e-02 6.810e-02
   gene768   8.750e-01 1.897e-02 1.060e-01
   gene769   9.019e-01 2.130e-02 7.684e-02
   gene770   9.175e-01 1.459e-02 6.792e-02
   gene771   9.196e-01 1.352e-02 6.691e-02
   gene772   8.938e-01 1.982e-02 8.634e-02
   gene773   9.149e-01 1.376e-02 7.132e-02
   gene774   9.043e-01 2.181e-02 7.386e-02
   gene775   8.746e-01 2.349e-02 1.019e-01
   gene776   9.025e-01 1.566e-02 8.182e-02
   gene777   9.174e-01 1.362e-02 6.899e-02
   gene778   9.145e-01 1.622e-02 6.931e-02
   gene779   8.918e-01 1.627e-02 9.196e-02
   gene780   9.031e-01 2.040e-02 7.646e-02
   gene781   7.860e-01 2.787e-02 1.861e-01
   gene782   9.187e-01 1.362e-02 6.771e-02
   gene783   9.108e-01 1.818e-02 7.101e-02
   gene784   9.152e-01 1.365e-02 7.111e-02
   gene785   9.043e-01 1.888e-02 7.685e-02
   gene786   8.870e-01 2.113e-02 9.189e-02
   gene787   9.124e-01 1.398e-02 7.361e-02
   gene788   9.109e-01 1.484e-02 7.430e-02
   gene789   9.033e-01 1.937e-02 7.732e-02
   gene790   8.859e-01 1.776e-02 9.634e-02
   gene791   9.148e-01 1.391e-02 7.133e-02
   gene792   8.862e-01 2.722e-02 8.653e-02
   gene793   8.876e-01 2.046e-02 9.195e-02
   gene794   9.192e-01 1.368e-02 6.708e-02
   gene795   8.294e-01 2.414e-02 1.465e-01
   gene796   8.730e-01 2.664e-02 1.004e-01
   gene797   9.204e-01 1.309e-02 6.649e-02
   gene798   9.203e-01 1.310e-02 6.657e-02
   gene799   8.436e-01 2.662e-02 1.298e-01
   gene800   8.658e-01 1.911e-02 1.151e-01
   gene801   9.157e-01 1.557e-02 6.876e-02
   gene802   4.400e-01 3.950e-01 1.649e-01
   gene803   8.964e-01 2.063e-02 8.292e-02
   gene804   8.847e-01 1.770e-02 9.757e-02
   gene805   9.202e-01 1.312e-02 6.666e-02
   gene806   9.075e-01 1.617e-02 7.633e-02
   gene807   8.922e-01 1.616e-02 9.160e-02
   gene808   9.151e-01 1.419e-02 7.068e-02
   gene809   9.198e-01 1.338e-02 6.678e-02
   gene810   9.194e-01 1.344e-02 6.715e-02
   gene811   8.961e-01 1.778e-02 8.616e-02
   gene812   8.054e-01 3.015e-02 1.645e-01
   gene813   9.144e-01 1.375e-02 7.187e-02
   gene814   9.202e-01 1.314e-02 6.671e-02
   gene815   9.152e-01 1.477e-02 7.006e-02
   gene816   9.135e-01 1.679e-02 6.973e-02
   gene817   9.169e-01 1.356e-02 6.956e-02
   gene818   4.849e-01 6.512e-02 4.500e-01
   gene819   7.673e-01 3.714e-02 1.955e-01
   gene820   8.986e-01 1.574e-02 8.570e-02
   gene821   9.197e-01 1.346e-02 6.685e-02
   gene822   8.831e-01 1.752e-02 9.938e-02
   gene823   6.726e-01 4.819e-02 2.792e-01
   gene824   8.770e-01 1.958e-02 1.034e-01
   gene825   9.132e-01 1.406e-02 7.278e-02
   gene826   7.923e-01 2.801e-02 1.797e-01
   gene827   9.051e-01 1.565e-02 7.923e-02
   gene828   9.073e-01 1.751e-02 7.515e-02
   gene829   9.049e-01 1.968e-02 7.545e-02
   gene830   7.905e-01 3.187e-02 1.776e-01
   gene831   9.075e-01 1.509e-02 7.738e-02
   gene832   9.027e-01 2.308e-02 7.423e-02
   gene833   8.747e-01 1.906e-02 1.063e-01
   gene834   8.545e-01 2.124e-02 1.243e-01
   gene835   9.059e-01 1.501e-02 7.914e-02
   gene836   9.108e-01 1.794e-02 7.129e-02
   gene837   9.167e-01 1.429e-02 6.901e-02
   gene838   8.736e-01 2.330e-02 1.031e-01
   gene839   9.006e-01 1.579e-02 8.364e-02
   gene840   8.322e-01 2.301e-02 1.448e-01
   gene841   8.966e-01 2.623e-02 7.713e-02
   gene842   9.196e-01 1.319e-02 6.723e-02
   gene843   9.204e-01 1.311e-02 6.650e-02
   gene844   9.087e-01 1.883e-02 7.244e-02
   gene845   9.134e-01 1.415e-02 7.246e-02
   gene846   9.147e-01 1.493e-02 7.038e-02
   gene847   9.193e-01 1.323e-02 6.742e-02
   gene848   7.851e-01 1.165e-01 9.845e-02
   gene849   8.815e-01 1.744e-02 1.011e-01
   gene850   8.801e-01 1.908e-02 1.008e-01
   gene851   9.073e-01 1.683e-02 7.588e-02
   gene852   8.044e-01 2.810e-02 1.675e-01
   gene853   8.750e-01 2.087e-02 1.041e-01
   gene854   8.087e-01 3.816e-02 1.531e-01
   gene855   7.354e-01 3.299e-02 2.316e-01
   gene856   8.754e-01 1.939e-02 1.052e-01
   gene857   8.960e-01 2.157e-02 8.246e-02
   gene858   9.062e-01 1.608e-02 7.772e-02
   gene859   9.184e-01 1.353e-02 6.808e-02
   gene860   7.684e-01 2.983e-02 2.017e-01
   gene861   9.174e-01 1.357e-02 6.904e-02
   gene862   9.196e-01 1.317e-02 6.719e-02
   gene863   8.809e-01 2.070e-02 9.837e-02
   gene864   9.119e-01 1.429e-02 7.386e-02
   gene865   9.180e-01 1.434e-02 6.768e-02
   gene866   9.163e-01 1.521e-02 6.852e-02
   gene867   9.135e-01 1.412e-02 7.235e-02
   gene868   9.164e-01 1.355e-02 7.003e-02
   gene869   9.183e-01 1.354e-02 6.812e-02
   gene870   8.644e-01 1.985e-02 1.158e-01
   gene871   9.106e-01 1.846e-02 7.096e-02
   gene872   9.138e-01 1.565e-02 7.058e-02
   gene873   8.639e-01 4.613e-02 8.998e-02
   gene874   8.940e-01 1.609e-02 8.995e-02
   gene875   8.493e-01 2.554e-02 1.252e-01
   gene876   9.200e-01 1.322e-02 6.681e-02
   gene877   7.913e-01 2.700e-02 1.817e-01
   gene878   7.002e-01 5.777e-02 2.421e-01
   gene879   8.882e-01 1.659e-02 9.517e-02
   gene880   9.066e-01 2.073e-02 7.271e-02
   gene881   9.118e-01 1.619e-02 7.196e-02
   gene882   7.001e-01 3.792e-02 2.620e-01
   gene883   9.179e-01 1.387e-02 6.822e-02
   gene884   7.029e-01 3.651e-02 2.606e-01
   gene885   8.680e-01 1.985e-02 1.121e-01
   gene886   8.982e-01 2.622e-02 7.555e-02
   gene887   9.199e-01 1.318e-02 6.689e-02
   gene888   9.164e-01 1.519e-02 6.845e-02
   gene889   9.053e-01 1.496e-02 7.979e-02
   gene890   8.858e-01 2.868e-02 8.556e-02
   gene891   8.106e-01 3.837e-02 1.510e-01
   gene892   9.124e-01 1.420e-02 7.340e-02
   gene893   8.951e-01 2.775e-02 7.713e-02
   gene894   8.905e-01 2.812e-02 8.141e-02
   gene895   9.113e-01 1.417e-02 7.454e-02
   gene896   8.866e-01 2.558e-02 8.778e-02
   gene897   9.081e-01 1.894e-02 7.296e-02
   gene898   8.996e-01 1.629e-02 8.411e-02
   gene899   9.170e-01 1.487e-02 6.816e-02
   gene900   9.166e-01 1.452e-02 6.891e-02
   gene901   8.974e-01 1.717e-02 8.546e-02
   gene902   8.062e-01 5.152e-02 1.423e-01
   gene903   8.862e-01 1.736e-02 9.647e-02
   gene904   8.090e-01 2.530e-02 1.657e-01
   gene905   9.170e-01 1.356e-02 6.939e-02
   gene906   9.136e-01 1.669e-02 6.966e-02
   gene907   9.031e-01 1.518e-02 8.177e-02
   gene908   9.114e-01 1.591e-02 7.264e-02
   gene909   9.202e-01 1.319e-02 6.658e-02
   gene910   8.881e-01 2.214e-02 8.975e-02
   gene911   9.195e-01 1.323e-02 6.727e-02
   gene912   8.741e-01 1.931e-02 1.066e-01
   gene913   9.086e-01 1.448e-02 7.689e-02
   gene914   8.918e-01 1.790e-02 9.026e-02
   gene915   9.105e-01 1.532e-02 7.422e-02
   gene916   8.950e-01 2.507e-02 7.992e-02
   gene917   8.973e-01 2.686e-02 7.580e-02
   gene918   8.862e-01 1.680e-02 9.697e-02
   gene919   8.918e-01 1.631e-02 9.187e-02
   gene920   8.823e-01 2.817e-02 8.954e-02
   gene921   8.471e-01 2.217e-02 1.308e-01
   gene922   9.186e-01 1.329e-02 6.814e-02
   gene923   9.157e-01 1.370e-02 7.064e-02
   gene924   9.098e-01 1.816e-02 7.202e-02
   gene925   9.181e-01 1.430e-02 6.764e-02
   gene926   8.068e-01 2.753e-02 1.656e-01
   gene927   9.110e-01 1.528e-02 7.371e-02
   gene928   9.144e-01 1.547e-02 7.011e-02
   gene929   8.122e-01 3.287e-02 1.549e-01
